[tn_2016-05-07 16.32.05.jpg]
filters=PencilSketch=1,2.000000,100.000000,0.000000;
moddate=011009897da8d101
width=200
height=150
textactive=0
[tn_2016-05-07 16.32.05 - Copy.jpg]
filters=PencilSketch=1,2.000000,100.000000,0.000000;
moddate=194119f47da8d101
width=200
height=150
textactive=0
